20
90
0 1 7.5 2.57
0 2 8.26 2.73
0 3 8.03 2.61
0 4 18.1 16.7
0 5 19.4 16.9
0 6 18.8 16.5
0 7 19.7 16
0 8 18.1 16.5
0 9 19.3 16
0 10 18.8 16.1
0 11 18.8 16.7
0 12 19.2 16.9
0 13 19.7 16.5
0 14 18.2 16.7
0 15 18.8 16.7
0 16 19.8 16.8
0 17 18.5 16
0 18 19.5 16.3
0 19 19.3 16.8
1 2 8.49 2.68
1 3 7.75 2.99
1 4 19.4 16.8
1 5 19.3 16.1
1 6 19.3 16.9
1 7 18.5 16.4
1 8 19.5 16.5
1 9 18.5 16.3
1 10 18.7 16.2
1 11 19 16.9
1 12 19.8 16.1
1 13 19.8 16.5
1 14 19 16.3
1 15 20 16.5
1 16 18.5 16.1
1 17 19.9 16.1
1 18 19 16.4
1 19 18.6 16.9
2 3 8.03 2.73
2 4 19.9 16.1
2 5 19.5 16.8
2 6 19.7 16.1
2 7 18 16.7
2 8 19.7 16.6
2 9 19.5 16.7
2 10 20 16.9
2 11 18.5 16.3
2 12 18.7 16.5
2 13 19.2 16.8
2 14 18.8 16.8
2 15 18.5 16.4
2 16 19.1 16.5
2 17 18.6 16.2
2 18 18.3 16.6
2 19 19.6 16
3 4 19.1 16.5
3 5 19.9 16.7
3 6 19.1 16.9
3 7 19.2 16.8
3 8 18.3 16.2
3 9 19.4 16.1
3 10 18.2 16.3
3 11 18 16.4
3 12 18.1 16.7
3 13 19.9 16.2
3 14 18.4 16.3
3 15 19.8 16.7
3 16 18.3 16.7
3 17 18.8 16.4
3 18 19 16.1
3 19 19.2 16.8
4 5 8.09 2.98
4 6 8.06 2.57
4 7 8.48 2.7
4 8 18.3 16.6
4 9 18.5 16.5
4 10 18.9 17
4 11 18.3 16.2
4 12 18.6 16.6
4 13 18.3 16.7
4 14 19.2 16.8
4 15 18.5 16.5
4 16 18.8 16.2
4 17 18.1 16.9
4 18 18.9 16.1
4 19 19.9 16.4
5 6 7.63 2.94
5 7 7.59 2.58
5 8 18.1 16.4
5 9 18.5 16.1
5 10 19.6 16.5
5 11 18.7 16.5
5 12 19.6 16.9
5 13 19.3 16.2
5 14 19.4 16.9
5 15 18.5 16.9
5 16 18.9 16.5
5 17 19.2 16.8
5 18 19.5 16.5
5 19 19.9 16.6
6 7 7.94 2.91
6 8 19.4 16.7
6 9 20 17
6 10 19.7 16.3
6 11 19.1 16.5
6 12 18.2 16.4
6 13 19.2 16.9
6 14 18.9 16.7
6 15 19.7 16.7
6 16 19.6 16.7
6 17 19.5 16
6 18 19.8 16.5
6 19 18.9 16.1
7 8 19.4 16.5
7 9 19.3 16.7
7 10 18.4 16.9
7 11 19.7 16.9
7 12 19.1 16.1
7 13 18.9 17
7 14 18.4 16.4
7 15 18.6 16.5
7 16 19.8 16.4
7 17 18.9 16.8
7 18 18.7 16.2
7 19 20 16.2
8 9 8.13 2.81
8 10 7.5 2.5
8 11 8.27 2.86
8 12 18.6 16.4
8 13 19.4 16.7
8 14 18.4 16.8
8 15 19.4 16.8
8 16 18.2 16.1
8 17 19.5 16.6
8 18 18.4 16.2
8 19 18.2 16.4
9 10 8.45 2.97
9 11 7.89 2.63
9 12 19.4 16.3
9 13 19.6 16.8
9 14 18.8 16.3
9 15 18.4 16
9 16 18.4 17
9 17 18.5 16.8
9 18 18.3 16.4
9 19 19.2 16.2
10 11 8.33 2.58
10 12 20 16.3
10 13 18.5 16.1
10 14 18.4 16.6
10 15 19.4 16.8
10 16 19.4 16.8
10 17 19.3 16.6
10 18 18.1 16.6
10 19 18.5 16.3
11 12 19.4 16.1
11 13 19.5 16.5
11 14 19.1 16.6
11 15 18.7 16.7
11 16 18.3 16.2
11 17 19 16.9
11 18 19.6 16.6
11 19 19.5 16.3
12 13 7.64 2.76
12 14 7.81 2.79
12 15 8.02 2.72
12 16 18.5 16.4
12 17 18.8 16.4
12 18 19 16.4
12 19 18.6 16.1
13 14 7.87 2.63
13 15 8.17 2.84
13 16 19 16.7
13 17 19.4 16.9
13 18 18.9 16.9
13 19 18.6 16.5
14 15 8.02 2.83
14 16 18.8 16.6
14 17 20 16.2
14 18 19.3 16.3
14 19 19.1 16.5
15 16 19.7 16
15 17 18.5 16.6
15 18 19.1 16.9
15 19 18.5 17
16 17 7.75 2.92
16 18 8.19 2.73
16 19 8.32 2.51
17 18 7.66 2.85
17 19 8.21 2.72
18 19 8.08 2.88
